image: param1.pgm
resolution: 0.050000
origin: [-12.200000, -17.000000, -90.0000]
negate: 0
occupied_thresh: 0.65
free_thresh: 0.196

