image: param.pgm
resolution: 0.050000
origin: [-25.000000, -28.200000, 0.000000]
negate: 0
occupied_thresh: 0.65
free_thresh: 0.196

